3, 1
4, 2
6, 3
7, 2
8, 1
10, 1
11, 1
12, 3
13, 1
14, 1
15, 1
16, 2
17, 2
18, 3
20, 1
21, 1
23, 3
24, 2
25, 2
26, 1
28, 2
29, 2
31, 1
33, 1
34, 2
35, 1
36, 1
37, 1
38, 3
39, 1
40, 2
41, 1
43, 1
45, 2
46, 2
47, 3
48, 4
49, 1
53, 1
54, 2
55, 1
56, 3
57, 1
58, 1
59, 1
60, 2
63, 1
66, 1
68, 2
69, 3
70, 2
71, 1
72, 1
74, 1
75, 1
77, 1
78, 1
79, 2
80, 1
83, 1
84, 1
88, 1
89, 1
90, 1
94, 2
96, 1
98, 1
99, 1
101, 1
103, 1
106, 3
110, 2
113, 1
114, 1
115, 1
116, 1
117, 2
118, 2
119, 1
122, 2
124, 2
128, 1
129, 1
132, 1
133, 2
135, 2
136, 1
138, 1
140, 1
141, 2
143, 2
144, 1
147, 2
148, 1
149, 3
152, 2
153, 3
155, 3
156, 3
158, 2
160, 1
161, 1
163, 2
164, 2
165, 2
169, 1
170, 1
174, 4
175, 2
176, 1
177, 2
181, 4
185, 3
186, 1
187, 1
188, 2
190, 1
191, 4
193, 1
194, 2
195, 2
196, 2
197, 1
200, 1
201, 1
202, 1
203, 1
204, 1
205, 1
207, 1
208, 1
210, 1
211, 1
214, 2
215, 1
217, 1
221, 2
222, 1
223, 4
225, 1
226, 2
227, 1
228, 3
230, 1
234, 1
237, 1
238, 2
241, 2
242, 1
243, 1
244, 3
245, 5
247, 2
248, 2
249, 2
251, 1
252, 1
253, 1
258, 2
259, 1
261, 1
262, 2
264, 2
265, 1
266, 2
267, 1
268, 4
272, 1
275, 1
278, 1
279, 1
280, 1
281, 2
282, 1
284, 1
285, 2
286, 1
287, 1
289, 1
290, 5
291, 1
292, 1
293, 2
294, 1
295, 2
296, 2
298, 1
299, 1
301, 1
302, 2
303, 1
305, 1
308, 2
311, 2
314, 1
315, 1
317, 1
318, 2
319, 3
323, 2
325, 1
327, 3
328, 2
330, 1
331, 2
332, 3
333, 2
336, 3
338, 1
339, 1
341, 1
343, 2
344, 1
345, 3
346, 2
347, 1
349, 2
350, 1
353, 3
354, 2
355, 2
357, 1
359, 1
361, 1
362, 1
363, 2
364, 1
365, 2
367, 1
368, 4
369, 1
372, 2
373, 1
375, 1
378, 1
380, 1
381, 1
382, 1
384, 1
385, 1
386, 2
390, 1
391, 2
392, 1
393, 1
394, 2
395, 1
397, 1
399, 1
401, 1
403, 1
404, 2
405, 1
408, 2
410, 2
411, 2
412, 1
413, 2
414, 1
415, 3
416, 1
418, 1
419, 1
422, 1
424, 1
429, 1
430, 1
434, 2
435, 1
437, 2
439, 1
440, 1
441, 1
442, 1
443, 2
446, 2
447, 1
449, 2
452, 1
456, 1
457, 2
459, 1
462, 2
463, 1
464, 1
465, 1
466, 1
469, 1
470, 1
472, 2
475, 1
477, 2
478, 1
481, 1
483, 1
484, 2
487, 1
489, 2
490, 2
491, 1
492, 1
493, 1
501, 1
503, 1
505, 1
506, 4
508, 2
509, 1
511, 1
512, 1
513, 4
514, 1
515, 2
517, 1
519, 2
520, 2
521, 1
522, 1
523, 1
524, 1
526, 2
528, 3
529, 1
532, 2
533, 1
534, 2
535, 1
536, 2
541, 1
542, 1
543, 1
544, 1
546, 2
548, 2
549, 2
550, 2
551, 2
552, 1
553, 2
555, 2
556, 1
557, 2
558, 1
561, 1
565, 1
566, 1
567, 2
568, 2
569, 2
570, 1
571, 2
572, 2
575, 1
576, 2
577, 1
578, 1
579, 3
580, 1
581, 1
583, 1
585, 1
586, 2
588, 3
590, 2
591, 1
594, 2
595, 2
596, 2
598, 3
599, 2
601, 3
603, 2
604, 3
605, 1
608, 1
609, 1
611, 1
613, 1
615, 1
616, 1
617, 3
619, 1
621, 3
622, 1
623, 2
625, 1
626, 1
627, 2
628, 1
632, 1
633, 2
635, 2
636, 2
637, 1
638, 2
640, 2
641, 1
644, 1
645, 2
648, 2
649, 2
650, 2
651, 3
653, 1
654, 2
655, 3
657, 1
659, 1
661, 2
662, 2
663, 1
667, 1
668, 2
671, 1
672, 1
673, 1
674, 1
675, 1
676, 2
678, 2
679, 2
681, 3
683, 1
684, 2
685, 3
686, 1
687, 2
688, 1
691, 1
692, 2
693, 2
695, 2
696, 1
699, 2
701, 1
702, 1
703, 1
704, 2
706, 1
707, 1
708, 1
709, 3
710, 1
711, 2
712, 1
713, 4
714, 2
716, 3
718, 2
720, 1
722, 1
723, 2
725, 1
726, 1
729, 1
730, 1
731, 1
733, 2
735, 1
738, 2
739, 1
740, 1
741, 1
744, 3
745, 2
748, 1
749, 1
751, 1
752, 1
754, 4
755, 4
756, 3
758, 2
760, 1
762, 2
765, 2
767, 4
768, 1
769, 1
770, 1
774, 1
775, 2
779, 1
781, 1
782, 1
783, 1
784, 1
785, 2
787, 1
788, 2
789, 1
791, 1
792, 2
794, 1
795, 1
796, 2
798, 3
799, 1
800, 2
801, 1
802, 2
806, 1
807, 1
809, 1
810, 2
813, 1
815, 1
816, 2
817, 1
821, 1
823, 1
824, 1
825, 1
826, 2
827, 2
828, 1
829, 2
830, 1
831, 1
832, 1
833, 3
835, 1
837, 1
838, 3
839, 1
841, 2
842, 4
843, 2
844, 3
845, 1
846, 2
847, 1
848, 2
849, 3
851, 1
852, 3
853, 2
854, 4
855, 2
856, 2
857, 2
858, 1
860, 2
861, 3
862, 1
863, 3
865, 1
866, 2
867, 1
868, 4
869, 2
872, 2
876, 1
877, 3
879, 2
880, 1
882, 3
884, 2
885, 1
886, 1
887, 2
888, 1
890, 4
891, 2
893, 1
895, 2
896, 2
897, 3
898, 4
900, 3
901, 1
902, 2
903, 2
904, 4
905, 1
906, 1
908, 1
910, 1
911, 2
912, 1
916, 4
917, 1
918, 3
920, 2
922, 1
923, 1
924, 4
925, 1
926, 1
928, 1
929, 1
930, 1
931, 1
940, 1
945, 2
946, 1
948, 1
950, 1
952, 2
954, 1
955, 1
956, 1
958, 2
964, 2
965, 1
966, 1
967, 1
968, 1
972, 1
973, 1
975, 2
977, 1
982, 3
983, 1
984, 2
985, 1
988, 2
989, 2
990, 1
991, 1
994, 4
995, 2
1002, 1
1003, 1
1004, 2
1006, 2
1007, 1
1008, 1
1009, 1
1013, 2
1015, 2
1016, 4
1017, 2
1018, 2
1019, 1
1021, 1
1022, 3
1024, 2
1025, 2
1027, 1
1028, 1
1029, 3
1030, 1
1031, 2
1032, 3
1034, 1
1035, 2
1036, 3
1037, 3
1038, 2
1041, 2
1042, 1
1043, 2
1044, 1
1046, 1
1050, 2
1051, 1
1052, 2
1053, 1
1056, 1
1058, 1
1060, 1
1061, 5
1062, 1
1063, 1
1064, 1
1065, 1
1066, 1
1067, 1
1068, 1
1069, 1
1070, 1
1071, 1
1072, 2
1073, 1
1075, 2
1077, 1
1078, 1
1079, 2
1080, 1
1081, 1
1084, 2
1085, 3
1086, 1
1087, 1
1089, 1
1090, 1
1092, 2
1093, 2
1094, 5
1095, 2
1096, 1
1098, 1
1100, 2
1102, 2
1105, 1
1107, 2
1108, 1
1110, 1
1112, 2
1113, 1
1114, 1
1115, 1
1116, 3
1118, 2
1119, 2
1120, 1
1121, 2
1123, 1
1124, 2
1126, 1
1127, 2
1128, 2
1129, 1
1130, 2
1133, 1
1134, 1
1135, 1
1137, 2
1138, 1
1139, 2
1141, 1
1142, 1
1144, 2
1145, 1
1146, 1
1147, 1
1149, 3
1151, 5
1152, 1
1154, 1
1155, 2
1157, 1
1158, 1
1159, 1
1161, 2
1162, 2
1165, 1
1167, 2
1168, 1
1169, 1
1170, 3
1172, 2
1173, 3
1175, 1
1176, 2
1177, 2
1180, 1
1181, 2
1187, 1
1191, 1
1193, 1
1197, 3
1198, 1
1199, 2
1201, 2
1204, 2
1206, 2
1207, 1
1209, 1
1210, 1
1211, 1
1212, 3
1215, 2
1217, 1
1219, 2
1220, 1
1221, 2
1222, 1
1224, 1
1226, 2
1227, 1
1230, 2
1232, 1
1233, 1
1234, 1
1236, 1
1237, 2
1239, 2
1241, 3
1242, 1
1243, 4
1244, 1
1245, 1
1247, 1
1248, 2
1251, 1
1253, 1
1254, 1
1255, 1
1256, 2
1257, 3
1259, 1
1260, 1
1261, 1
1265, 1
1266, 1
1267, 1
1268, 1
1270, 1
1271, 2
1272, 1
1274, 1
1276, 3
1278, 3
1279, 3
1281, 1
1284, 2
1286, 1
1288, 1
1289, 1
1290, 1
1293, 3
1294, 2
1295, 2
1296, 1
1297, 4
1298, 2
1300, 3
1302, 2
1303, 2
1305, 2
1307, 2
1308, 1
1309, 2
1313, 1
1315, 2
1316, 2
1317, 2
1319, 1
1320, 1
1321, 1
1323, 1
1324, 1
1327, 2
1328, 1
1329, 1
1330, 1
1331, 2
1334, 2
1336, 2
1337, 1
1342, 1
1343, 2
1344, 1
1345, 3
1346, 2
1347, 1
1348, 2
1349, 1
1350, 1
1352, 1
1353, 4
1356, 1
1358, 2
1359, 2
1360, 2
1361, 1
1362, 1
1363, 1
1364, 1
1366, 1
1367, 1
1369, 2
1370, 2
1371, 1
1372, 1
1375, 1
1376, 1
1377, 1
1378, 1
1379, 1
1380, 1
1383, 3
1384, 1
1385, 1
1387, 1
1388, 1
1389, 2
1390, 1
1391, 1
1392, 2
1393, 1
1394, 2
1395, 1
1396, 1
1397, 3
1398, 3
1400, 2
1401, 1
1403, 1
1404, 1
1405, 1
1406, 2
1409, 1
1410, 1
1411, 1
1413, 1
1414, 1
1418, 1
1420, 2
1426, 1
1428, 2
1430, 1
1431, 2
1433, 2
1434, 4
1435, 1
1436, 1
1437, 1
1439, 2
1440, 1
1441, 1
1442, 1
1445, 2
1446, 1
1447, 1
1449, 1
1452, 1
1454, 2
1456, 1
1459, 1
1460, 3
1461, 3
1463, 1
1466, 1
1468, 1
1469, 1
1472, 1
1473, 1
1475, 1
1476, 2
1477, 1
1478, 1
1479, 1
1483, 2
1485, 1
1486, 2
1487, 3
1489, 1
1490, 1
1492, 1
1493, 2
1494, 2
1495, 1
1496, 1
1503, 3
1504, 2
1505, 1
1506, 1
1507, 1
1509, 1
1512, 2
1516, 1
1517, 1
1519, 4
1520, 1
1521, 1
1522, 2
1523, 1
1524, 1
1525, 1
1526, 2
1527, 1
1528, 2
1530, 2
1533, 1
1534, 2
1536, 1
1538, 1
1539, 4
1541, 1
1543, 2
1545, 2
1546, 2
1547, 1
1549, 4
1550, 1
1551, 1
1552, 2
1554, 1
1555, 1
1557, 1
1558, 1
1562, 2
1563, 4
1565, 2
1567, 1
1569, 1
1571, 1
1572, 2
1573, 4
1574, 2
1576, 1
1580, 1
1582, 1
1584, 1
1585, 2
1586, 1
1587, 1
1589, 1
1592, 1
1594, 1
1595, 1
1599, 2
1600, 2
1601, 3
1603, 2
1604, 1
1608, 1
1610, 1
1611, 2
1613, 3
1615, 2
1616, 1
1619, 2
1621, 1
1625, 1
1626, 2
1627, 3
1628, 1
1629, 1
1630, 4
1632, 1
1633, 1
1635, 1
1636, 2
1637, 2
1638, 2
1640, 1
1641, 1
1642, 1
1645, 1
1647, 2
1649, 2
1650, 1
1651, 2
1652, 1
1655, 1
1657, 1
1658, 1
1659, 1
1661, 2
1662, 1
1663, 2
1664, 1
1666, 3
1668, 1
1670, 3
1671, 1
1673, 1
1674, 1
1676, 1
1677, 1
1678, 1
1681, 3
1682, 1
1683, 1
1684, 2
1687, 2
1688, 1
1689, 1
1691, 1
1692, 1
1695, 1
1697, 2
1698, 4
1699, 2
1700, 1
1701, 1
1705, 2
1707, 3
1709, 1
1710, 1
1712, 3
1713, 1
1714, 1
1716, 2
1717, 2
1718, 1
1719, 3
1720, 1
1722, 1
1723, 1
1724, 1
1725, 1
1727, 1
1729, 1
1730, 1
1734, 2
1735, 1
1736, 2
1738, 1
1739, 1
1741, 2
1742, 1
1743, 4
1744, 3
1745, 1
1746, 1
1748, 2
1749, 1
1750, 1
1755, 1
1756, 1
1757, 1
1760, 1
1762, 1
1763, 2
1765, 1
1766, 1
1768, 2
1769, 2
1772, 2
1773, 3
1775, 1
1777, 2
1778, 1
1779, 1
1781, 2
1782, 3
1785, 2
1787, 2
1788, 1
1789, 1
1790, 2
1792, 1
1793, 2
1795, 2
1797, 1
1800, 2
1808, 1
1809, 1
1810, 2
1813, 1
1814, 1
1815, 2
1817, 1
1818, 3
1819, 2
1820, 1
1821, 1
1823, 1
1824, 1
1825, 2
1826, 1
1827, 2
1828, 3
1829, 2
1831, 1
1832, 1
1834, 3
1835, 2
1836, 3
1837, 1
1839, 1
1840, 1
1842, 1
1844, 1
1845, 1
1846, 1
1848, 1
1850, 1
1851, 1
1852, 1
1853, 2
1855, 1
1857, 1
1858, 1
1860, 2
1861, 1
1863, 1
1864, 3
1868, 1
1869, 1
1870, 2
1871, 2
1873, 1
1876, 2
1877, 1
1879, 5
1880, 1
1881, 1
1882, 1
1884, 1
1887, 1
1890, 2
1891, 2
1892, 1
1894, 2
1895, 1
1897, 1
1898, 2
1899, 1
1901, 3
1902, 1
1903, 2
1904, 2
1905, 1
1906, 1
1907, 2
1910, 1
1911, 1
1912, 1
1913, 2
1914, 1
1915, 1
1916, 2
1917, 3
1919, 1
1920, 1
1922, 2
1923, 2
1924, 1
1925, 1
1929, 1
1930, 1
1931, 2
1932, 2
1933, 2
1934, 2
1935, 2
1940, 1
1942, 1
1943, 1
1944, 3
1946, 2
1948, 1
1950, 1
1951, 3
1952, 2
1953, 2
1955, 1
1956, 4
1958, 1
1960, 1
1961, 2
1967, 3
1969, 3
1971, 2
1972, 1
1973, 1
1974, 2
1976, 1
1977, 1
1978, 1
1979, 1
1980, 1
1981, 1
1982, 2
1983, 2
1984, 1
1986, 2
1987, 2
1988, 4
1989, 3
1990, 1
1993, 3
1994, 1
1997, 1
1998, 1
1999, 1
2001, 2
2002, 2
2003, 2
2004, 1
2005, 2
2006, 3
2008, 1
2009, 2
2011, 1
2013, 1
2016, 1
2017, 1
2019, 1
2022, 1
2026, 1
2027, 2
2028, 1
2031, 2
2032, 1
2035, 1
2037, 2
2041, 4
2043, 2
2045, 1
2046, 1
2049, 1
2051, 2
2052, 2
2053, 1
2054, 1
2055, 1
2056, 2
2059, 1
2060, 1
2062, 1
2063, 3
2064, 2
2066, 1
2067, 1
2068, 2
2072, 3
2073, 1
2075, 2
2077, 1
2078, 1
2080, 1
2084, 2
2086, 1
2088, 1
2089, 1
2090, 1
2091, 2
2092, 1
2093, 2
2094, 1
2095, 2
2097, 1
2099, 2
2100, 1
2101, 2
2103, 1
2105, 2
2109, 2
2110, 1
2111, 2
2112, 1
2113, 3
2114, 2
2115, 1
2116, 1
2118, 2
2121, 1
2122, 1
2124, 1
2125, 4
2128, 1
2129, 1
2130, 1
2131, 1
2132, 1
2135, 1
2136, 1
2137, 1
2138, 1
2140, 3
2141, 2
2143, 1
2144, 1
2145, 2
2146, 2
2147, 2
2148, 1
2150, 2
2151, 2
2154, 1
2155, 1
2158, 1
2159, 1
2160, 1
2161, 2
2162, 3
2163, 1
2165, 1
2166, 1
2167, 2
2168, 1
2170, 3
2171, 1
2175, 1
2177, 1
2179, 3
2181, 1
2183, 2
2184, 1
2185, 1
2186, 1
2187, 1
2189, 2
2190, 2
2192, 1
2193, 1
2194, 2
2196, 1
2198, 3
2200, 1
2201, 1
2202, 2
2203, 2
2204, 3
2206, 3
2207, 1
2210, 1
2212, 1
2214, 3
2215, 1
2216, 1
2217, 2
2221, 1
2222, 1
2223, 1
2224, 2
2225, 1
2226, 1
2227, 1
2228, 1
2229, 2
2231, 1
2232, 1
2233, 2
2234, 1
2235, 1
2237, 1
2238, 4
2240, 2
2244, 1
2245, 2
2248, 2
2249, 3
2250, 2
2252, 2
2254, 1
2255, 1
2256, 1
2257, 1
2258, 1
2260, 2
2261, 1
2263, 4
2264, 1
2265, 1
2266, 2
2267, 1
2268, 1
2269, 3
2273, 1
2275, 1
2276, 1
2277, 1
2278, 1
2279, 2
2281, 1
2282, 4
2283, 1
2284, 1
2285, 1
2286, 2
2287, 1
2290, 2
2294, 1
2299, 1
2300, 1
2301, 1
2303, 1
2305, 2
2306, 2
2308, 1
2311, 1
2312, 1
2314, 1
2317, 1
2319, 1
2322, 1
2323, 2
2327, 1
2328, 1
2331, 1
2332, 2
2334, 1
2335, 1
2336, 3
2338, 3
2340, 1
2341, 2
2342, 1
2343, 3
2345, 1
2346, 2
2347, 1
2348, 1
2349, 1
2350, 1
2351, 2
2352, 3
2353, 1
2354, 2
2356, 1
2358, 2
2359, 1
2360, 1
2366, 1
2367, 2
2368, 1
2369, 1
2370, 3
2373, 2
2375, 1
2376, 1
2377, 2
2379, 2
2381, 3
2382, 1
2383, 1
2385, 2
2389, 3
2391, 1
2392, 1
2393, 3
2394, 2
2395, 2
2396, 1
2400, 2
2401, 1
2402, 1
2404, 2
2406, 1
2407, 4
2408, 1
2410, 1
2411, 1
2413, 2
2414, 1
2415, 1
2416, 1
2418, 1
2419, 1
2420, 2
2421, 2
2423, 2
2424, 5
2426, 4
2427, 1
2429, 2
2430, 1
2431, 2
2432, 1
2433, 1
2436, 2
2437, 3
2439, 2
2442, 2
2443, 2
2446, 1
2447, 1
2448, 3
2449, 1
2450, 2
2451, 1
2452, 2
2453, 1
2456, 1
2457, 2
2459, 3
2460, 1
2462, 1
2463, 1
2464, 1
2465, 2
2466, 3
2467, 1
2470, 1
2471, 2
2472, 1
2473, 2
2474, 1
2476, 1
2477, 2
2478, 1
2479, 2
2480, 3
2484, 1
2485, 2
2487, 2
2488, 1
2492, 1
2494, 1
2495, 1
2497, 1
2498, 2
2502, 1
2504, 3
2505, 3
2506, 2
2507, 2
2508, 3
2509, 3
2511, 1
2513, 2
2515, 3
2517, 1
2518, 1
2519, 2
2521, 1
2522, 1
2523, 1
2524, 1
2526, 1
2530, 2
2531, 2
2532, 1
2533, 1
2534, 1
2537, 4
2538, 2
2540, 1
2542, 1
2543, 1
2544, 1
2545, 2
2547, 1
2550, 1
2551, 1
2552, 4
2553, 2
2555, 2
2556, 2
2557, 2
2558, 2
2559, 2
2560, 3
2561, 2
2562, 1
2563, 2
2565, 2
2566, 1
2567, 1
2568, 2
2569, 2
2570, 1
2571, 3
2572, 2
2573, 2
2576, 1
2577, 1
2579, 2
2581, 2
2582, 2
2585, 2
2588, 1
2591, 4
2592, 2
2593, 1
2594, 2
2597, 1
2600, 1
2601, 1
2604, 1
2605, 2
2606, 1
2608, 1
2609, 1
2611, 2
2612, 1
2613, 2
2614, 1
2615, 3
2616, 1
2618, 2
2619, 1
2620, 2
2621, 1
2623, 4
2625, 2
2627, 2
2628, 2
2629, 2
2630, 2
2631, 1
2632, 2
2634, 2
2635, 1
2636, 2
2639, 1
2640, 2
2641, 1
2644, 1
2645, 1
2647, 1
2648, 1
2649, 1
2650, 1
2651, 1
2653, 1
2654, 3
2657, 1
2658, 1
2659, 1
2660, 1
2662, 1
2663, 2
2665, 2
2666, 2
2668, 1
2669, 1
2674, 1
2676, 1
2677, 2
2679, 1
2681, 1
2682, 1
2683, 1
2685, 1
2686, 2
2690, 2
2693, 1
2695, 1
2696, 1
2697, 1
2698, 2
2699, 1
2700, 1
2701, 2
2702, 1
2703, 2
2704, 1
2705, 1
2706, 2
2707, 1
2709, 1
2710, 1
2713, 2
2714, 4
2715, 1
2716, 2
2718, 1
2719, 2
2720, 2
2724, 1
2726, 1
2731, 4
2732, 1
2733, 1
2734, 2
2735, 1
2736, 1
2737, 1
2740, 2
2741, 1
2742, 1
2743, 2
2744, 1
2745, 2
2747, 1
2748, 1
2750, 1
2751, 1
2752, 2
2753, 1
2756, 1
2758, 2
2759, 1
2760, 1
2761, 1
2762, 1
2763, 2
2764, 2
2765, 1
2767, 1
2770, 1
2771, 4
2772, 1
2773, 2
2774, 3
2775, 1
2777, 4
2779, 1
2781, 1
2782, 1
2783, 4
2784, 1
2786, 1
2788, 2
2789, 1
2790, 3
2792, 3
2793, 1
2794, 1
2795, 2
2796, 2
2800, 1
2801, 1
2802, 1
2803, 2
2804, 1
2805, 2
2806, 2
2808, 2
2809, 1
2810, 1
2812, 1
2814, 2
2816, 1
2818, 3
2819, 2
2820, 1
2821, 1
2825, 1
2826, 4
2827, 1
2828, 1
2829, 1
2831, 3
2832, 1
2833, 2
2834, 3
2835, 2
2836, 2
2837, 1
2838, 2
2839, 2
2841, 1
2842, 1
2843, 1
2847, 3
2848, 2
2851, 1
2852, 1
2854, 1
2856, 1
2857, 1
2858, 1
2859, 1
2860, 1
2861, 3
2863, 1
2864, 1
2865, 2
2867, 2
2868, 1
2869, 3
2870, 1
2871, 1
2873, 1
2875, 1
2876, 2
2877, 1
2880, 1
2881, 1
2882, 1
2883, 2
2884, 2
2885, 2
2886, 2
2888, 1
2889, 1
2890, 1
2891, 1
2893, 2
2895, 2
2896, 2
2897, 1
2898, 2
2899, 1
2900, 1
2902, 2
2903, 3
2904, 2
2905, 1
2906, 1
2907, 1
2908, 1
2911, 1
2912, 1
2913, 1
2914, 2
2915, 1
2918, 2
2920, 1
2922, 2
2923, 1
2924, 2
2925, 2
2928, 2
2930, 1
2932, 2
2936, 1
2937, 2
2939, 1
2941, 1
2942, 1
2943, 1
2944, 1
2945, 2
2946, 2
2947, 1
2950, 2
2951, 2
2952, 1
2953, 1
2954, 1
2955, 1
2957, 2
2958, 1
2959, 1
2960, 2
2961, 2
2964, 2
2965, 1
2966, 1
2967, 1
2968, 1
2969, 2
2971, 2
2972, 1
2973, 2
2975, 2
2978, 2
2979, 1
2980, 1
2981, 3
2985, 2
2987, 3
2989, 2
2990, 2
2992, 2
2993, 2
2995, 2
2998, 2
2999, 2
3000, 2
3004, 1
3005, 1
3006, 1
3009, 1
3010, 1
3011, 1
3012, 1
3013, 1
3016, 2
3019, 1
3021, 1
3023, 2
3025, 2
3026, 2
3027, 1
3029, 1
3033, 2
3034, 1
3035, 1
3037, 1
3038, 2
3039, 2
3041, 1
3042, 4
3043, 4
3045, 4
3046, 2
3051, 4
3054, 1
3055, 2
3056, 2
3060, 2
3063, 1
3064, 1
3065, 2
3066, 1
3067, 2
3068, 1
3069, 2
3070, 1
3072, 1
3073, 2
3075, 1
3076, 2
3077, 3
3078, 2
3080, 1
3082, 4
3083, 1
3086, 1
3090, 1
3091, 1
3092, 3
3093, 1
3095, 3
3096, 2
3098, 2
3100, 1
3101, 2
3103, 1
3104, 1
3105, 2
3106, 1
3107, 2
3108, 4
3110, 1
3111, 3
3114, 1
3119, 1
3120, 1
3122, 1
3123, 1
3124, 1
3125, 2
3126, 2
3127, 2
3129, 3
3131, 1
3134, 2
3136, 1
3138, 2
3139, 2
3140, 1
3143, 1
3145, 1
3146, 1
3147, 1
3148, 3
3149, 2
3157, 4
3159, 1
3160, 1
3162, 3
3164, 1
3167, 1
3168, 1
3169, 3
3170, 1
3171, 1
3173, 2
3174, 2
3175, 2
3180, 1
3184, 1
3186, 1
3187, 3
3188, 1
3190, 1
3195, 2
3197, 1
3199, 1
3201, 1
3206, 1
3208, 1
3209, 1
3210, 2
3211, 2
3212, 1
3213, 2
3216, 1
3217, 2
3218, 1
3219, 1
3220, 2
3221, 1
3222, 2
3223, 3
3224, 2
3225, 3
3227, 3
3228, 1
3230, 1
3232, 1
3233, 1
3234, 4
3236, 3
3237, 1
3239, 2
3240, 3
3241, 2
3242, 1
3243, 1
3245, 3
3247, 1
3248, 1
3249, 1
3250, 1
3251, 1
3254, 1
3256, 1
3257, 1
3258, 2
3259, 1
3260, 1
3261, 1
3263, 2
3264, 1
3266, 1
3268, 2
3269, 1
3270, 1
3273, 1
3274, 1
3276, 1
3277, 1
3279, 2
3280, 1
3283, 1
3284, 2
3285, 4
3289, 3
3290, 2
3292, 4
3293, 3
3294, 2
3296, 1
3297, 2
3299, 2
3300, 2
3302, 1
3303, 2
3309, 1
3312, 3
3313, 1
3314, 2
3316, 3
3317, 2
3322, 1
3327, 2
3328, 1
3329, 2
3332, 3
3333, 1
3334, 3
3335, 1
3337, 1
3338, 1
3340, 2
3341, 1
3342, 1
3343, 2
3344, 1
3345, 1
3346, 1
3348, 3
3349, 3
3351, 1
3352, 1
3353, 1
3354, 1
3357, 1
3358, 2
3359, 2
3362, 1
3363, 1
3365, 1
3366, 1
3368, 1
3370, 1
3371, 1
3374, 2
3375, 1
3377, 2
3379, 2
3380, 1
3381, 2
3382, 1
3384, 1
3385, 1
3386, 2
3387, 1
3389, 1
3390, 2
3391, 2
3392, 1
3395, 1
3396, 1
3399, 1
3400, 1
3401, 1
3402, 3
3403, 2
3404, 1
3409, 1
3410, 1
3414, 1
3416, 1
3417, 1
3419, 1
3420, 1
3422, 1
3423, 1
3425, 1
3426, 1
3427, 1
3431, 1
3433, 1
3435, 2
3437, 1
3438, 2
3439, 2
3440, 3
3441, 2
3443, 3
3444, 1
3445, 1
3448, 2
3451, 1
3453, 3
3455, 2
3456, 2
3457, 1
3458, 1
3460, 2
3462, 1
3464, 2
3468, 1
3469, 2
3470, 1
3471, 1
3473, 3
3477, 2
3480, 3
3481, 1
3482, 2
3483, 3
3484, 1
3485, 1
3486, 1
3488, 1
3489, 2
3490, 1
3492, 2
3494, 2
3496, 1
3497, 2
3499, 2
3501, 3
3502, 2
3503, 1
3504, 1
3505, 2
3506, 2
3508, 2
3510, 2
3511, 1
3512, 1
3513, 1
3515, 1
3516, 1
3517, 1
3518, 1
3519, 2
3520, 1
3521, 1
3523, 1
3524, 2
3525, 2
3526, 2
3527, 1
3528, 1
3531, 3
3532, 1
3534, 4
3536, 3
3539, 2
3540, 2
3542, 1
3543, 1
3544, 1
3545, 2
3546, 1
3548, 2
3549, 2
3551, 2
3552, 1
3553, 2
3554, 2
3555, 2
3556, 1
3557, 1
3558, 1
3559, 3
3561, 1
3562, 2
3563, 1
3564, 3
3565, 1
3566, 1
3569, 1
3570, 2
3571, 2
3572, 1
3573, 1
3575, 2
3576, 1
3577, 1
3579, 1
3582, 1
3584, 1
3586, 4
3587, 2
3589, 1
3591, 1
3593, 2
3594, 4
3595, 3
3597, 6
3598, 1
3599, 2
3600, 1
3601, 1
3602, 2
3603, 1
3604, 2
3605, 1
3606, 1
3607, 1
3613, 2
3614, 1
3615, 2
3616, 2
3619, 3
3620, 1
3625, 1
3626, 1
3629, 3
3630, 1
3631, 3
3632, 1
3634, 1
3635, 1
3636, 2
3637, 1
3638, 2
3639, 1
3640, 3
3641, 2
3642, 2
3643, 2
3645, 1
3646, 3
3647, 2
3649, 1
3650, 1
3651, 2
3652, 3
3654, 2
3656, 1
3657, 2
3659, 1
3660, 1
3663, 2
3664, 2
3665, 1
3666, 1
3670, 1
3672, 1
3674, 2
3678, 1
3679, 1
3680, 1
3685, 1
3686, 2
3687, 2
3689, 1
3690, 1
3691, 1
3693, 1
3695, 2
3696, 2
3697, 1
3699, 1
3700, 3
3704, 1
3705, 2
3708, 2
3711, 1
3712, 3
3713, 2
3714, 2
3716, 3
3719, 1
3722, 3
3723, 1
3724, 1
3725, 1
3726, 2
3727, 1
3728, 1
3729, 2
3730, 1
3731, 1
3733, 2
3734, 2
3735, 1
3736, 1
3737, 1
3738, 4
3743, 1
3746, 1
3748, 2
3749, 3
3751, 1
3752, 2
3753, 2
3754, 2
3755, 2
3760, 3
3763, 2
3764, 1
3765, 3
3766, 1
3767, 2
3768, 2
3769, 3
3772, 2
3773, 1
3774, 1
3775, 2
3776, 2
3777, 1
3778, 2
3779, 2
3780, 1
3781, 1
3783, 1
3785, 3
3786, 1
3788, 1
3789, 1
3790, 1
3791, 1
3792, 1
3793, 2
3794, 2
3795, 2
3796, 2
3798, 3
3799, 1
3800, 3
3801, 1
3804, 1
3805, 1
3808, 3
3810, 1
3811, 2
3812, 1
3814, 3
3815, 2
3817, 2
3818, 1
3822, 1
3823, 2
3824, 1
3825, 1
3826, 3
3831, 1
3837, 1
3838, 1
3841, 1
3842, 2
3843, 1
3845, 1
3846, 2
3847, 2
3848, 1
3851, 2
3852, 1
3854, 4
3856, 2
3857, 2
3859, 1
3860, 1
3861, 3
3863, 1
3864, 1
3868, 1
3870, 2
3876, 1
3879, 1
3880, 1
3881, 1
3883, 1
3886, 1
3887, 3
3889, 1
3891, 2
3892, 2
3893, 1
3895, 2
3897, 1
3898, 1
3900, 1
3901, 1
3903, 2
3904, 1
3905, 1
3913, 3
3914, 2
3915, 1
3916, 1
3917, 1
3919, 1
3920, 1
3923, 1
3925, 1
3926, 1
3927, 2
3931, 1
3933, 1
3935, 2
3937, 1
3938, 1
3939, 1
3941, 1
3942, 1
3943, 1
3944, 2
3945, 1
3947, 1
3948, 2
3950, 2
3951, 1
3953, 1
3955, 1
3957, 2
3960, 2
3961, 3
3964, 3
3965, 3
3967, 1
3968, 1
3970, 2
3971, 1
3972, 1
3976, 1
3977, 2
3978, 2
3979, 4
3981, 1
3982, 2
3984, 4
3985, 5
3988, 4
3989, 2
3990, 3
3991, 2
3992, 1
3994, 1
3997, 1
3999, 1
4000, 2
4002, 1
4004, 1
4005, 2
4007, 2
4011, 3
4012, 2
4014, 2
4015, 1
4016, 2
4017, 1
4019, 1
4020, 2
4021, 1
4022, 3
4023, 2
4026, 5
4028, 2
4029, 1
4030, 1
4033, 1
4035, 4
4036, 1
4039, 1
4040, 1
4044, 1
4045, 1
4047, 1
4048, 1
4049, 1
4052, 1
4054, 1
4055, 4
4056, 1
4057, 1
4058, 3
4060, 1
4062, 1
4063, 2
4064, 1
4065, 2
4067, 2
4068, 2
4069, 1
4071, 3
4072, 1
4074, 1
4075, 2
4078, 1
4079, 1
4081, 4
4082, 1
4083, 1
4084, 3
4086, 1
4087, 2
4090, 2
4091, 2
4093, 1
4095, 1
4096, 1
4097, 2
4099, 2
4103, 3
4107, 1
4108, 1
4110, 2
4113, 1
4114, 4
4115, 1
4117, 2
4119, 1
4120, 1
4123, 1
4124, 1
4125, 3
4127, 1
4128, 1
4131, 1
4133, 2
4134, 1
4135, 2
4137, 1
4138, 2
4139, 1
4140, 3
4141, 1
4142, 2
4143, 1
4144, 1
4145, 1
4146, 1
4150, 3
4153, 2
4154, 1
4155, 2
4156, 1
4157, 1
4159, 1
4160, 1
4161, 1
4162, 2
4165, 2
4167, 1
4168, 1
4169, 1
4170, 1
4171, 1
4172, 1
4175, 2
4177, 1
4178, 1
4179, 1
4180, 1
4181, 2
4182, 2
4184, 2
4186, 2
4187, 2
4192, 1
4194, 1
4197, 1
4199, 1
4201, 1
4202, 2
4203, 1
4205, 1
4207, 2
4208, 1
4209, 2
4211, 1
4214, 3
4215, 1
4217, 4
4218, 1
4219, 1
4223, 3
4224, 2
4225, 1
4227, 1
4228, 1
4229, 2
4230, 1
4231, 1
4233, 1
4234, 1
4235, 1
4239, 2
4240, 4
4244, 1
4249, 3
4254, 1
4255, 1
4257, 1
4261, 1
4263, 1
4265, 1
4266, 1
4267, 1
4270, 1
4271, 1
4274, 2
4275, 1
4278, 1
4280, 2
4281, 2
4282, 1
4284, 3
4285, 1
4286, 2
4288, 1
4290, 1
4292, 3
4293, 2
4295, 1
4296, 1
4298, 1
4302, 1
4304, 1
4305, 2
4306, 1
4307, 1
4308, 1
4309, 1
4310, 1
4312, 1
4314, 2
4315, 2
4316, 3
4318, 2
4320, 1
4322, 3
4325, 1
4328, 4
4330, 3
4331, 2
4332, 2
4333, 3
4334, 3
4335, 4
4339, 1
4342, 1
4343, 1
4348, 1
4349, 1
4350, 1
4351, 1
4352, 1
4357, 1
4360, 2
4361, 1
4362, 1
4363, 2
4366, 1
4367, 2
4368, 1
4369, 1
4370, 1
4372, 1
4373, 1
4374, 1
4378, 1
4379, 1
4381, 1
4382, 1
4384, 2
4387, 1
4390, 2
4391, 1
4393, 2
4394, 1
4395, 1
4396, 1
4397, 3
4398, 1
4399, 1
4400, 2
4401, 3
4402, 2
4404, 1
4406, 2
4407, 1
4408, 2
4409, 2
4410, 1
4413, 1
4414, 2
4416, 2
4417, 1
4418, 1
4419, 3
4422, 2
4423, 2
4424, 2
4425, 1
4426, 1
4431, 1
4433, 1
4434, 1
4435, 1
4437, 3
4439, 1
4440, 2
4443, 1
4445, 1
4447, 4
4449, 1
4451, 1
4456, 2
4457, 3
4459, 1
4460, 1
4461, 1
4462, 1
4463, 1
4464, 1
4465, 2
4466, 6
4468, 1
4469, 1
4470, 2
4471, 1
4472, 2
4475, 1
4477, 1
4478, 2
4479, 1
4480, 1
4481, 2
4483, 1
4484, 1
4485, 3
4486, 1
4488, 1
4489, 2
4491, 1
4492, 2
4494, 1
4495, 1
4496, 1
4497, 5
4498, 2
4499, 2
4500, 1
4501, 2
4502, 2
4503, 1
4504, 1
4505, 1
4506, 1
4507, 3
4508, 1
4510, 1
4511, 1
4512, 3
4513, 1
4514, 1
4515, 1
4517, 1
4518, 2
4519, 2
4520, 2
4521, 2
4524, 2
4525, 1
4526, 1
4527, 2
4529, 1
4530, 2
4532, 3
4534, 4
4535, 1
4538, 1
4539, 1
4543, 1
4544, 1
4546, 2
4550, 2
4552, 2
4553, 1
4555, 3
4556, 1
4557, 2
4559, 1
4560, 2
4561, 1
4562, 1
4563, 1
4565, 2
4566, 1
4567, 3
4568, 1
4569, 1
4571, 1
4572, 1
4573, 2
4574, 2
4577, 1
4578, 2
4582, 1
4584, 2
4585, 4
4586, 1
4589, 3
4590, 1
4592, 2
4598, 1
4600, 2
4601, 1
4603, 1
4607, 1
4610, 1
4612, 1
4613, 1
4617, 1
4618, 1
4620, 3
4621, 2
4626, 1
4627, 1
4628, 3
4629, 2
4631, 2
4632, 1
4634, 3
4635, 2
4637, 4
4638, 1
4640, 1
4641, 2
4644, 2
4645, 2
4646, 2
4648, 1
4650, 1
4651, 2
4652, 2
4653, 1
4654, 2
4655, 2
4656, 2
4658, 2
4659, 2
4661, 2
4663, 2
4664, 1
4666, 1
4668, 2
4670, 1
4671, 2
4674, 1
4675, 2
4676, 2
4677, 1
4678, 1
4681, 2
4682, 2
4683, 3
4686, 2
4689, 1
4690, 1
4691, 2
4693, 1
4695, 1
4696, 2
4698, 2
4700, 2
4701, 2
4702, 2
4704, 1
4705, 1
4707, 2
4708, 1
4710, 1
4711, 1
4713, 2
4714, 1
4715, 2
4719, 1
4720, 1
4721, 1
4722, 1
4723, 1
4724, 3
4725, 2
4726, 1
4728, 1
4729, 1
4731, 2
4733, 3
4735, 1
4738, 1
4739, 2
4741, 2
4742, 1
4743, 3
4744, 3
4745, 1
4746, 2
4747, 1
4749, 2
4750, 2
4751, 1
4752, 1
4754, 3
4755, 2
4756, 1
4757, 2
4758, 1
4760, 2
4763, 1
4764, 1
4765, 2
4766, 2
4767, 1
4769, 1
4770, 1
4771, 1
4772, 1
4773, 1
4774, 1
4776, 1
4777, 1
4778, 1
4780, 1
4781, 1
4784, 2
4785, 1
4786, 2
4787, 4
4789, 2
4790, 1
4792, 1
4793, 1
4794, 2
4797, 2
4798, 1
4803, 4
4804, 2
4805, 2
4806, 3
4807, 3
4809, 1
4810, 1
4811, 1
4812, 4
4813, 1
4814, 1
4815, 1
4818, 1
4819, 2
4820, 1
4821, 1
4822, 1
4823, 1
4824, 2
4825, 1
4826, 2
4829, 1
4830, 1
4832, 1
4833, 3
4834, 1
4835, 1
4836, 2
4837, 1
4838, 1
4839, 2
4840, 3
4841, 1
4842, 1
4843, 3
4844, 1
4846, 1
4850, 2
4851, 1
4853, 1
4855, 3
4857, 2
4860, 3
4861, 1
4865, 1
4866, 1
4867, 1
4868, 2
4869, 2
4870, 1
4871, 4
4872, 1
4873, 1
4874, 1
4875, 1
4876, 1
4878, 1
4879, 2
4881, 1
4882, 2
4883, 1
4885, 2
4886, 1
4887, 1
4888, 2
4893, 1
4894, 1
4895, 1
4896, 1
4897, 2
4899, 2
4900, 1
4901, 1
4903, 1
4904, 2
4906, 1
4907, 3
4908, 1
4909, 1
4910, 1
4911, 1
4912, 1
4914, 1
4915, 1
4917, 1
4918, 1
4919, 1
4924, 2
4925, 3
4927, 1
4928, 2
4930, 2
4931, 2
4932, 3
4933, 3
4934, 1
4936, 2
4938, 2
4939, 1
4940, 1
4942, 1
4943, 1
4945, 2
4946, 1
4947, 1
4948, 1
4949, 1
4950, 3
4954, 2
4955, 2
4958, 1
4960, 1
4961, 2
4962, 1
4963, 2
4964, 2
4965, 2
4966, 1
4967, 1
4968, 1
4969, 1
4971, 3
4972, 1
4973, 1
4974, 2
4975, 1
4981, 1
4982, 2
4983, 3
4984, 1
4985, 1
4986, 2
4988, 3
4989, 2
4990, 1
4991, 1
4992, 2
4993, 2
4994, 1
4995, 1
4996, 1
4999, 2
5000, 1
5001, 3
5002, 1
5003, 1
5004, 1
5006, 1
5008, 1
5010, 1
5011, 1
5012, 1
5013, 1
5015, 3
5019, 4
5020, 1
5021, 2
5022, 2
5026, 2
5027, 1
5028, 1
5030, 1
5031, 1
5032, 1
5033, 6
5034, 3
5036, 2
5037, 2
5038, 1
5039, 1
5041, 2
5042, 2
5043, 1
5044, 1
5045, 1
5046, 3
5047, 1
5048, 2
5050, 1
5051, 3
5052, 2
5053, 2
5054, 2
5057, 2
5059, 1
5066, 1
5068, 2
5072, 2
5073, 1
5074, 1
5076, 2
5079, 2
5081, 3
5086, 2
5087, 2
5089, 2
5090, 3
5091, 2
5092, 2
5093, 2
5095, 3
5097, 3
5098, 1
5099, 1
5104, 1
5105, 1
5107, 5
5109, 2
5111, 1
5113, 1
5114, 1
5115, 2
5117, 1
5118, 2
5119, 1
5122, 1
5124, 1
5125, 2
5128, 1
5129, 2
5130, 2
5132, 2
5133, 2
5134, 3
5136, 1
5139, 1
5140, 1
5143, 3
5145, 1
5146, 2
5148, 1
5149, 1
5151, 1
5152, 1
5154, 1
5155, 1
5157, 1
5158, 1
5159, 2
5161, 2
5162, 1
5164, 1
5165, 2
5166, 1
5167, 1
5168, 2
5169, 1
5170, 1
5171, 1
5172, 3
5173, 1
5174, 1
5175, 1
5176, 2
5177, 1
5178, 1
5179, 1
5181, 1
5183, 1
5184, 1
5187, 2
5189, 3
5190, 1
5191, 2
5192, 1
5193, 2
5195, 1
5197, 2
5198, 1
5200, 2
5201, 2
5202, 4
5203, 1
5205, 2
5206, 1
5207, 1
5208, 1
5209, 3
5210, 1
5211, 2
5212, 2
5213, 1
5215, 1
5216, 2
5218, 1
5219, 1
5220, 1
5221, 1
5222, 2
5225, 1
5226, 1
5227, 2
5230, 1
5231, 1
5232, 1
5233, 1
5234, 2
5235, 1
5236, 1
5238, 1
5239, 1
5242, 1
5243, 2
5245, 1
5246, 1
5247, 1
5249, 2
5250, 1
5251, 1
5253, 2
5257, 1
5258, 2
5260, 2
5261, 1
5262, 1
5263, 2
5264, 1
5265, 2
5268, 1
5269, 1
5270, 1
5271, 1
5272, 1
5273, 1
5274, 1
5275, 1
5276, 6
5278, 1
5281, 1
5282, 3
5283, 2
5284, 2
5285, 2
5286, 3
5287, 1
5289, 1
5290, 2
5291, 1
5293, 1
5294, 4
5296, 2
5297, 1
5298, 1
5300, 1
5301, 2
5302, 1
5303, 1
5304, 1
5305, 2
5306, 2
5307, 2
5311, 2
5314, 1
5316, 1
5319, 2
5320, 1
5321, 1
5324, 1
5327, 1
5328, 1
5330, 3
5332, 1
5333, 1
5334, 1
5335, 1
5337, 1
5340, 1
5343, 3
5345, 3
5346, 1
5347, 1
5348, 1
5349, 1
5350, 2
5351, 1
5352, 1
5354, 1
5355, 4
5357, 2
5358, 1
5359, 2
5360, 3
5361, 1
5363, 3
5365, 3
5366, 3
5367, 1
5368, 1
5369, 1
5370, 1
5371, 1
5372, 1
5376, 1
5379, 1
5380, 1
5381, 1
5382, 1
5385, 1
5386, 2
5387, 3
5388, 1
5389, 2
5390, 1
5391, 2
5393, 1
5394, 1
5395, 1
5397, 1
5398, 1
5402, 2
5403, 2
5405, 2
5408, 3
5409, 2
5413, 3
5416, 1
5418, 1
5421, 1
5422, 1
5423, 1
5424, 4
5426, 1
5429, 1
5430, 1
5431, 1
5434, 2
5437, 1
5439, 3
5440, 1
5441, 2
5442, 2
5443, 1
5444, 1
5445, 3
5446, 3
5447, 1
5449, 1
5451, 1
5452, 1
5454, 1
5455, 1
5456, 2
5458, 1
5466, 1
5469, 1
5470, 2
5471, 1
5472, 1
5473, 1
5474, 1
5475, 2
5476, 2
5477, 2
5479, 1
5480, 2
5482, 2
5483, 3
5484, 1
5485, 1
5486, 2
5488, 1
5491, 1
5492, 1
5493, 1
5496, 1
5497, 2
5498, 2
5499, 2
5500, 2
5501, 1
5503, 1
5504, 3
5506, 1
5507, 2
5508, 1
5509, 2
5510, 2
5512, 1
5513, 2
5514, 2
5515, 1
5516, 2
5519, 1
5520, 1
5521, 1
5522, 1
5525, 3
5529, 3
5534, 1
5535, 1
5539, 1
5541, 2
5542, 2
5543, 1
5544, 2
5545, 2
5546, 1
5547, 1
5548, 1
5551, 1
5553, 2
5554, 1
5558, 3
5559, 1
5560, 2
5561, 2
5562, 1
5563, 1
5564, 1
5565, 2
5566, 3
5567, 1
5569, 1
5573, 1
5575, 1
5576, 2
5577, 1
5579, 2
5580, 1
5583, 1
5584, 1
5588, 1
5589, 1
5591, 1
5594, 2
5596, 5
5597, 1
5600, 1
5602, 1
5603, 3
5604, 1
5609, 3
5611, 2
5612, 1
5613, 1
5614, 1
5615, 1
5617, 1
5618, 1
5620, 1
5622, 2
5623, 3
5627, 1
5628, 1
5629, 1
5630, 3
5633, 1
5635, 1
5636, 2
5637, 2
5638, 1
5639, 1
5640, 2
5641, 2
5643, 2
5644, 2
5646, 2
5648, 3
5650, 2
5651, 1
5652, 2
5653, 1
5654, 1
5656, 2
5658, 3
5660, 1
5663, 2
5667, 1
5668, 1
5669, 1
5672, 1
5673, 2
5674, 3
5676, 3
5677, 2
5678, 1
5681, 1
5683, 2
5684, 1
5685, 1
5687, 1
5689, 2
5690, 3
5692, 1
5694, 1
5695, 1
5696, 1
5697, 2
5698, 1
5700, 1
5701, 2
5705, 2
5706, 3
5707, 1
5709, 3
5710, 2
5713, 1
5714, 3
5715, 2
5716, 1
5718, 1
5720, 3
5721, 2
5722, 1
5723, 1
5724, 2
5725, 1
5727, 1
5728, 2
5729, 1
5730, 1
5733, 2
5735, 2
5736, 3
5737, 2
5738, 1
5739, 2
5740, 3
5741, 2
5742, 1
5744, 1
5746, 1
5747, 1
5752, 1
5754, 3
5755, 2
5758, 1
5759, 1
5761, 1
5762, 2
5763, 1
5764, 3
5765, 2
5767, 1
5770, 1
5773, 1
5774, 2
5776, 2
5777, 2
5778, 3
5779, 1
5780, 1
5781, 2
5782, 1
5783, 3
5784, 1
5785, 1
5786, 4
5788, 1
5789, 1
5790, 1
5791, 1
5792, 1
5793, 2
5794, 1
5795, 2
5797, 1
5798, 1
5799, 2
5800, 1
5803, 1
5804, 1
5805, 1
5806, 1
5807, 1
5809, 3
5810, 3
5811, 1
5813, 1
5814, 1
5815, 2
5816, 4
5818, 1
5823, 1
5825, 1
5826, 1
5828, 2
5829, 1
5830, 3
5831, 3
5832, 3
5833, 1
5834, 1
5835, 3
5836, 1
5837, 1
5838, 1
5839, 2
5840, 2
5841, 1
5842, 1
5844, 2
5845, 1
5846, 2
5848, 2
5849, 3
5850, 3
5853, 4
5855, 1
5857, 1
5858, 2
5859, 1
5861, 2
5862, 2
5865, 1
5866, 1
5868, 3
5869, 2
5870, 2
5871, 1
5873, 1
5876, 2
5877, 2
5879, 1
5880, 1
5881, 1
5882, 1
5883, 1
5886, 2
5888, 3
5889, 1
5890, 1
5893, 1
5898, 1
5900, 1
5901, 2
5902, 1
5903, 3
5904, 1
5908, 1
5910, 1
5913, 1
5914, 3
5915, 1
5916, 1
5917, 1
5918, 1
5920, 4
5921, 3
5922, 1
5923, 2
5926, 3
5928, 1
5929, 1
5930, 1
5931, 1
5933, 3
5935, 1
5936, 1
5940, 4
5943, 1
5944, 1
5946, 1
5947, 1
5949, 1
5950, 1
5951, 2
5952, 1
5954, 1
5955, 1
5958, 1
5959, 1
5962, 2
5964, 1
5965, 2
5967, 2
5968, 1
5970, 1
5972, 1
5973, 1
5974, 2
5975, 1
5976, 1
5979, 1
5981, 1
5982, 2
5983, 3
5984, 1
5986, 2
5988, 1
5990, 1
5991, 2
5994, 2
5995, 2
5998, 1
6001, 1
6003, 1
6006, 3
6007, 2
6010, 2
6011, 1
6012, 2
6013, 1
6017, 2
6018, 1
6019, 1
6020, 3
6021, 1
6022, 2
6024, 1
6025, 2
6026, 1
6028, 3
6030, 1
6031, 1
6032, 3
6033, 2
6034, 2
6035, 2
6038, 1
6039, 2
6041, 1
6043, 3
6044, 2
6046, 1
6047, 2
6049, 1
6053, 1
6056, 2
6058, 2
6059, 4
6061, 2
6062, 1
6063, 2
6064, 1
6065, 1
6066, 4
6069, 1
6071, 1
6074, 1
6075, 2
6076, 1
6077, 1
6079, 1
6081, 2
6082, 2
6083, 3
6084, 1
6086, 1
6090, 3
6091, 1
6092, 1
6093, 6
6094, 1
6095, 1
6097, 2
6098, 1
6100, 1
6103, 1
6104, 3
6107, 1
6108, 1
6109, 2
6110, 2
6112, 1
6113, 1
6115, 1
6116, 4
6118, 2
6119, 3
6120, 1
6121, 1
6123, 3
6124, 2
6126, 1
6127, 1
6128, 1
6130, 1
6134, 1
6135, 1
6136, 1
6138, 1
6139, 2
6140, 2
6141, 4
6142, 1
6143, 1
6144, 2
6145, 1
6146, 1
6147, 2
6148, 1
6149, 1
6150, 1
6151, 2
6152, 2
6154, 1
6155, 3
6156, 2
6157, 1
6158, 1
6159, 1
6160, 2
6163, 2
6164, 1
6165, 2
6166, 1
6168, 1
6169, 2
6170, 2
6171, 3
6172, 3
6177, 1
6179, 1
6180, 2
6181, 1
6182, 1
6183, 1
6184, 2
6185, 3
6186, 1
6188, 1
6189, 1
6194, 2
6199, 1
6202, 1
6205, 2
6206, 1
6207, 2
6208, 1
6209, 2
6213, 2
6215, 3
6216, 2
6217, 1
6218, 1
6219, 1
6225, 1
6226, 2
6230, 3
6231, 1
6232, 2
6233, 2
6234, 1
6236, 1
6238, 3
6239, 1
6240, 1
6241, 3
6243, 2
6245, 3
6249, 1
6250, 3
6251, 1
6252, 2
6254, 3
6255, 1
6256, 1
6257, 1
6258, 1
6259, 1
6260, 3
6261, 1
6263, 2
6264, 1
6265, 3
6266, 2
6267, 1
6268, 1
6270, 1
6271, 1
6272, 2
6273, 1
6274, 1
6276, 1
6281, 2
6282, 2
6284, 1
6285, 1
6287, 1
6289, 3
6291, 1
6293, 2
6294, 2
6295, 1
6296, 2
6298, 2
6301, 2
6302, 1
6303, 1
6304, 1
6305, 1
6307, 1
6309, 1
6310, 2
6312, 1
6314, 2
6319, 1
6321, 1
6323, 2
6324, 1
6325, 3
6327, 1
6328, 1
6329, 2
6330, 1
6331, 2
6332, 2
6335, 1
6336, 1
6337, 2
6338, 1
6340, 1
6343, 1
6344, 2
6345, 1
6346, 2
6347, 2
6348, 3
6349, 1
6350, 1
6351, 2
6352, 1
6354, 1
6355, 2
6356, 1
6358, 2
