1736
3981
1151
286
415
1523
4339
3607
4309
591
2064
2571
1749
116
3729
4807
3760
1554
3551
4585
4004
1227
609
3309
3211
1151
4936
2214
3786
3564
1549
4508
3664
4382
4584
4425
3859
1276
1818
2630
767
4400
1405
794
654
4165
4
1519
2620
2657
4932
4755
4924
4409
2964
1522
1469
2701
223
1107
4822
4071
96
4462
4750
1873
4485
4744
4058
2561
4757
33
4561
3594
711
4875
3340
3851
3985
3539
4675
20
1037
2631
3484
3477
2911
3186
1460
1493
973
1777
2579
1512
1016
2350
4635
2115
4963
293
4322
3540
3931
3664
3316
1002
611
3595
1221
2504
2698
339
4676
4225
1366
800
1743
1418
346
1215
149
4644
2703
4578
1768
2263
3208
3938
2544
4826
1309
1092
781
4002
2154
4282
2709
2819
2498
672
1268
2611
2312
3587
1917
2891
1619
3258
3312
3640
2999
191
3712
599
4982
4981
1636
1336
2466
3767
1377
4440
2978
4634
1592
1952
806
2129
2194
2089
1722
709
3358
4214
2347
3148
4011
3979
2273
122
1545
4498
903
2155
200
132
4733
733
4223
788
4874
1003
637
3451
2630
2179
995
4017
1707
311
3042
3985
2619
2705
1067
4497
4659
4362
2105
1348
2562
4026
3823
2269
1891
3220
4573
3139
623
1107
1698
1118
3846
1343
1840
1503
1894
3338
2893
278
1385
619
4318
4904
3039
4481
463
4072
3143
4416
4754
2818
4860
4686
1139
1052
3023
4322
4099
1894
1044
3126
3167
1025
63
17
48
303
615
1987
3700
3043
1533
1155
1552
353
3499
684
1526
3344
1834
3549
4888
2252
3138
3557
683
4505
2636
3944
1042
3951
3559
2913
3241
1050
411
3719
6
2282
2981
1237
14
3531
2413
2742
3769
2431
1664
48
3013
124
2181
1705
1022
1779
760
4331
3365
4016
1760
2854
1836
546
79
1913
3769
2679
3457
1389
2168
234
3725
3009
158
4281
3368
4534
1181
3173
3629
1468
2323
3843
69
2663
2897
2762
408
2141
2513
201
897
3175
1769
4524
3004
3395
3485
3716
361
4908
2424
4039
385
1165
1777
1951
2918
3220
1565
635
2843
2748
3600
259
2842
2056
2819
1630
1142
1946
1951
2509
685
4466
2109
1879
2904
69
1358
435
964
1071
223
26
2480
3000
1267
931
4971
3224
3964
4481
2159
520
79
755
1710
550
2265
323
195
3935
248
2985
3359
4040
2026
2358
4097
2032
964
3733
3905
2663
726
2518
1241
848
4265
3562
3826
4833
2615
1563
4683
3554
3477
2161
3722
2857
2724
1085
541
2826
1297
3950
3055
824
1716
3095
4016
4335
3391
2391
23
709
2022
2278
2331
1112
4731
2322
632
290
163
3078
867
2165
3501
3801
4696
503
860
649
272
2718
4844
397
704
478
1309
774
3312
2314
994
1562
2429
1437
668
3808
4675
1808
1707
4091
1585
2401
2513
2734
2377
1489
1395
3808
4887
4840
2045
1956
4140
3381
4714
3239
693
3651
4931
2383
1974
2370
3222
3783
3046
2128
3392
4671
4477
4255
1254
4907
3565
3913
1167
2068
2740
3033
1119
1649
3270
1814
4809
3464
3042
1944
1137
2125
787
4466
2300
869
1016
4058
2103
1914
4851
2093
4664
3162
1300
238
4171
3895
2775
2342
2054
3856
1490
2759
897
354
2989
1330
4883
3359
4839
4214
4954
124
2560
4876
2861
4330
2238
1932
1278
681
2681
372
226
267
1367
415
2714
1328
676
4394
984
2955
1627
4060
3597
599
4330
2777
3092
3027
2282
1180
3751
3793
40
2557
4086
110
2479
3988
1248
4832
3138
3263
2263
2421
4735
2851
2774
3789
2202
4402
1436
3363
2732
2011
3615
2019
884
626
4532
1913
616
4005
2432
3082
827
4081
4940
4447
829
3353
1388
1647
4187
4637
579
1170
863
4726
3640
2203
1976
4471
1661
226
4885
3346
2450
2078
2790
4150
4724
3811
3519
3337
4214
2973
4722
754
4803
1383
2328
3068
2179
3502
765
1719
4127
4728
3575
2795
354
1782
650
245
3913
429
3095
1969
2238
2841
1487
508
1353
2555
4219
165
4653
1705
4555
3458
465
3727
3511
1942
1080
904
3548
662
191
2393
1944
2327
3604
2875
4577
2563
3354
4986
4629
4404
2623
4062
1079
2485
4678
2084
1657
3970
2864
4948
1971
243
4286
4584
2859
3708
25
1085
2923
3222
4871
1118
1371
2898
3851
608
346
2714
3469
1815
603
3646
4983
4249
675
2641
47
847
910
2650
2545
625
879
29
1434
2666
3076
1933
2485
4261
2781
217
3943
1361
1483
906
1662
1139
1507
3901
196
3349
4683
4784
3870
898
3445
394
2733
3647
3989
2521
4855
3880
2560
4457
4711
4499
3480
3187
1828
242
2980
4896
1982
4818
3162
1668
418
443
4312
2183
3108
4698
3749
378
3438
4777
3425
391
4052
1077
3767
2279
1615
185
41
266
4565
2151
756
1931
1144
4879
2477
2423
114
1431
1519
1663
2097
802
4733
2488
866
2868
3647
1967
1504
2856
4514
2924
228
59
1961
1809
4099
4168
1145
2952
3549
2890
4655
4807
1829
2944
4754
783
2869
4641
266
2267
3854
2080
4933
1459
3814
4992
792
2419
826
4470
3171
4764
3127
4114
897
4342
3967
446
4825
1800
4270
2385
4
4217
3913
1261
2992
1744
1198
2876
68
3641
4170
3096
844
12
2286
3069
40
4544
3371
3979
1260
4423
902
1243
4760
548
2027
2506
3656
2942
1176
4787
916
1687
2669
3242
3893
3332
2826
1629
2465
3209
368
4367
16
1698
424
1725
601
3728
185
596
3965
55
3072
4705
2151
290
4401
2837
3528
4184
3292
2053
3990
2519
2907
323
2939
4519
2914
153
1089
1993
174
1539
1115
2592
1029
3699
1265
165
2437
4897
1895
4249
3125
506
1649
3798
1882
3348
1988
4696
1494
952
3497
319
4739
3860
4470
1337
2256
4971
1334
193
1483
4729
12
4805
3067
1114
3552
869
598
4546
4068
3227
301
1075
4942
549
4899
3343
770
18
1321
4512
566
3023
2888
4529
4539
1394
1271
1898
34
3343
1601
1768
1879
4231
332
4114
4668
4909
2376
3856
3441
4407
3764
4141
3785
579
3810
1781
3296
2146
1358
3258
264
1075
1611
2896
1743
3630
661
513
3534
1860
1603
706
1487
1297
3960
4157
2810
152
1983
4012
1420
2003
4592
2588
581
4348
1712
2317
2530
2737
4882
4418
4589
3639
1637
2713
2449
4209
4044
4113
4786
958
3991
1775
3545
950
905
4328
1327
3984
1006
1625
3915
1720
3387
2308
3942
4620
4943
2392
1748
3043
775
327
3379
4840
3948
1530
1248
553
1440
4447
325
4936
748
3763
2231
3604
1016
3523
2517
4497
3957
4613
4671
3342
2170
569
3914
3536
2006
2825
1051
4000
1061
3170
991
1094
2918
1353
1100
4840
1256
1503
853
2999
4468
268
1670
2130
318
4784
604
2206
1793
284
4988
1750
688
2682
1485
2593
4820
1158
336
24
2056
3195
1204
1642
3749
701
2249
636
513
3245
4658
2446
3798
4159
2379
946
1032
1167
572
2993
1477
3700
714
708
3175
2410
2946
2582
4180
2263
4048
2676
3800
2394
2158
4787
1370
3433
4930
775
4402
4162
2648
2118
282
2497
2635
2932
155
4399
4023
2060
1573
755
641
3752
1615
4391
3543
711
2370
4464
1911
3316
4434
1946
3868
4496
1086
4758
2758
2075
2478
1835
3766
3597
1199
707
1630
1743
2037
1652
4056
4456
3666
3332
4363
3734
3553
4601
4962
3294
2698
2699
4510
4983
60
3979
1922
1251
1601
2240
4445
769
287
3237
434
452
4115
2456
3879
1221
3505
290
196
74
1068
2662
3051
3122
186
3861
1969
1549
2839
4968
4824
4873
1313
3440
1920
1604
2375
355
601
135
381
3735
627
1684
3188
678
223
1924
4646
4408
3086
4621
2790
1230
621
1877
2634
492
2206
3230
1349
1871
2162
1084
1681
3051
3448
4063
2217
2735
725
3887
2902
291
2745
4424
4035
1736
3765
2552
3570
1017
679
4532
3772
856
484
1219
4650
3972
4177
3370
208
470
3006
1684
1302
4014
1414
4906
2863
3846
1904
1317
1738
3964
532
68
3110
2783
692
1898
2847
3195
1676
1989
1406
17
295
299
2125
789
3483
2922
798
1828
3034
920
4872
2806
4867
4187
2932
831
2674
4760
89
2772
2771
4333
2215
2566
1151
922
1220
3169
4360
2222
2796
2701
4585
1127
1420
900
3657
4924
2743
3576
898
4110
115
2538
4843
4917
595
617
3629
1666
2140
1460
2972
4860
3563
2788
4797
369
1917
2765
567
399
195
3076
1899
2960
4142
3841
1641
4860
846
177
1121
2836
437
1762
852
3714
2719
1848
3256
2480
1276
2936
1452
3539
2649
4812
365
1031
2591
627
2782
3602
1346
1950
188
2436
1734
651
4907
4830
2353
3818
4846
3501
4530
4165
4138
4485
2756
2457
833
4035
3223
1713
3945
39
3314
2654
4659
1031
3077
1697
3526
2511
4635
2838
896
795
45
2763
570
3083
3382
1290
830
617
2542
1545
4964
1630
594
1819
4879
4201
353
882
588
1734
190
4819
4334
1551
4349
1864
4626
3755
3586
3303
2467
843
1973
1974
2867
2592
4207
1988
1343
3240
4868
2064
4592
792
882
916
4397
2338
3693
2924
3140
3065
1714
855
3375
3788
2979
4681
3390
3437
1823
4901
2124
4020
2696
3345
1824
3065
2945
2257
885
2941
2125
4955
1029
3532
244
6
2814
829
2063
4621
3990
1626
3815
3473
2072
4724
4945
3435
687
4466
4857
4765
2515
3063
4535
3456
3589
1102
3233
3240
77
3157
2480
3499
4117
3506
4524
868
3035
1884
1025
3525
4744
4787
4949
3696
3379
2716
1851
446
386
2702
2820
1860
2628
693
696
390
3632
2990
1383
740
2505
4275
990
4424
3259
825
1247
1356
2382
4871
3594
1300
1244
4620
1494
523
2889
1375
1782
1146
601
3101
1549
3277
3536
1944
3080
4983
2041
1707
4743
440
382
4518
2568
477
1915
4819
702
1503
3157
3919
2632
4543
1009
1454
4162
754
4373
2601
1589
1400
4108
2349
687
4767
2731
3520
3799
2016
853
2625
2471
1379
2009
2784
4169
1842
3221
2112
94
2816
3679
4582
2426
2987
147
4175
2006
147
2286
2476
4763
1293
4733
1546
650
839
2764
983
2072
35
4517
4574
1550
3545
2250
1795
459
4702
565
252
2437
4161
315
1193
228
1034
4964
4249
3092
1585
956
1241
4292
1478
4836
3136
3349
4463
2249
3279
4492
4138
1348
3410
1538
3108
247
2789
3060
2179
3564
3796
2677
3045
457
799
898
567
2978
2138
3714
4466
801
2806
534
4637
852
4020
4049
1599
521
2973
3730
558
3234
2276
784
3687
1817
2556
4055
2002
4155
481
210
4499
2352
2132
1446
3738
491
2092
838
595
2869
4478
1504
4526
1953
181
4838
4946
968
3340
3045
3075
788
2834
3037
692
3380
2448
4021
3736
1876
4894
4465
2301
982
3525
1815
2576
2389
2902
2227
2459
4154
4288
3616
1239
3826
809
2281
46
1052
3199
855
2945
4083
3988
163
561
1149
4869
4483
2668
2269
2847
1697
3712
3665
918
3620
2906
4958
640
3772
3093
4966
3625
411
2192
779
1389
3377
153
3876
3043
265
4933
1383
1719
4645
1426
4000
1346
194
4257
1212
1698
720
3317
2989
4239
3594
4567
3546
2795
3103
4401
2809
4563
3169
3646
2167
1336
506
4178
1670
4240
2563
667
457
1735
1486
1243
2753
767
3082
3524
928
3302
4843
2311
1024
4374
3587
4497
553
2852
3261
2895
549
2558
2704
4695
4731
2796
2629
347
3605
4026
4501
1155
2206
2099
2049
1475
2594
349
327
3494
4224
1674
967
4271
520
4081
849
884
4071
4498
4995
2334
2616
367
2530
4518
851
290
1879
1496
3043
3695
3548
1064
2335
1212
3333
2381
4640
2555
3926
2504
3955
4489
3800
741
945
4925
924
1521
155
1825
4457
1004
3124
1050
4752
1170
815
2008
3795
2088
2204
2150
2109
4747
4794
275
598
2306
2487
1449
2569
1587
4744
4790
1016
2591
3148
29
4553
989
4683
923
2615
2847
572
2835
148
2221
3768
1890
3808
1638
4035
2319
1547
2118
3961
2250
2736
4203
3985
810
4725
336
4715
529
2605
1956
227
1748
4330
318
2794
3917
4128
1555
3561
891
1930
405
1307
4408
926
3464
4284
2427
4266
3
415
4378
1695
2552
2505
161
1935
3248
2715
2526
4914
2665
3317
972
3239
1984
3597
3817
2373
1094
810
4093
3236
3985
1315
2502
1095
1580
3663
3327
1300
2995
1191
3763
4507
1226
638
2920
1199
4028
2975
2959
4332
2354
2369
4280
2985
1085
3670
3026
2421
2051
2285
4114
2625
1932
2606
4674
449
345
380
2190
3107
1917
4746
4928
2162
170
3769
2961
3236
2277
2346
2881
4082
285
1567
3898
868
4550
2136
2393
2831
2395
261
4739
1364
1393
268
1825
4153
3402
1871
1015
544
3247
2750
4084
4011
175
1113
1428
536
1600
984
3227
1765
4366
1102
2572
181
1400
70
575
489
1658
924
1582
4927
2431
1650
2229
505
517
1460
3403
837
158
3586
1078
4656
849
1723
2870
2647
2075
2041
640
2240
1671
1621
2571
988
2572
1692
912
3300
4771
3619
3586
1689
2659
1666
1187
3334
1134
2666
1557
1655
2336
4459
1574
4055
1007
4489
4632
2779
4431
2644
328
4393
98
3234
2141
2041
3857
1892
2111
1401
4328
343
1864
3236
2498
1226
4885
4107
621
3968
903
2407
3753
3652
4036
1528
752
2282
1274
3243
2004
4295
1056
2565
3090
3377
4682
2306
2150
2558
1476
1041
3544
349
3613
4676
4765
368
3404
3444
3534
4556
4723
4857
4047
3506
902
552
4663
2560
2162
4406
4064
3440
861
464
2245
1546
1027
2437
1128
1785
368
18
4786
3251
3046
3716
3210
4811
2950
4181
462
1979
3696
4724
296
1701
3521
1573
244
2186
2523
4971
1028
1789
4749
796
245
28
1279
2540
3777
1773
4715
2508
4117
3268
713
1730
1137
4532
2402
1363
2001
2651
4690
671
2282
3443
4007
332
1517
75
4925
1289
2734
472
3111
3571
3019
15
4886
1994
1036
2336
4807
4557
3847
4713
585
2411
4172
1506
4701
185
2620
4855
245
3108
3504
3595
103
2836
3503
3107
1935
3303
3101
1818
3313
3774
3011
2741
1902
3645
1630
2903
4351
1353
2415
1094
3210
490
1792
1651
3780
4480
1294
2645
1934
1270
966
4103
1543
568
872
860
3104
1271
1922
4560
4842
4804
3402
2063
4804
638
3811
3795
3660
2345
958
4546
4821
2783
353
528
4304
930
3362
4422
1061
3386
4091
3384
1972
3055
4527
1409
4982
1316
3540
46
3569
1988
416
7
2700
241
3414
3409
2537
765
3687
2865
4023
2457
3164
1281
101
4586
2166
2358
3629
651
4915
3984
659
305
1594
2771
2858
2077
2930
1681
2975
3125
4691
2105
2479
1305
2464
4751
2777
739
1530
4881
466
2885
901
1043
1170
2964
1392
2832
2238
977
1466
4065
3724
2351
2861
47
403
940
644
2634
4278
57
4973
623
4335
2585
90
1797
4785
1241
1572
2341
3526
1230
223
2260
3712
4307
136
2506
3779
2235
2451
2406
2255
4007
1173
2695
3559
3988
264
1709
1997
1129
4218
4803
718
4950
1359
4700
2903
2987
344
2095
4745
3077
2950
36
3260
1018
695
3572
2957
2953
4797
2758
1934
3848
791
4065
3775
716
3638
3184
1445
1173
4328
3249
3992
3120
4491
3595
1572
4893
4029
3651
2801
3748
890
3197
900
2553
3842
1324
3427
1308
2448
1524
3316
1727
1159
4769
838
4361
245
258
3216
854
1272
835
882
2305
1687
1719
1795
2290
929
2275
3598
3219
2187
4686
1940
4502
4466
2660
3887
1334
3657
2420
296
3889
4754
3773
3482
4550
3663
1539
576
4969
4063
2531
443
2519
2051
3299
2216
4954
38
2579
1141
2814
3108
4644
4806
3642
918
3689
2770
2001
3817
2367
1084
1980
534
3045
4950
1670
4534
4397
4479
1369
4770
2400
2834
2714
4367
4972
3726
3597
2183
744
4567
4090
202
1392
813
3348
1610
1288
3631
3234
4167
4087
4961
4515
4918
2279
1151
4456
1172
368
2009
3765
3480
3864
1829
204
2477
3334
3462
501
3284
2900
4384
1563
3746
475
1948
4343
4416
3289
4567
3826
3960
1479
3708
2484
3760
3711
1678
756
1952
37
1879
1539
3994
982
118
281
3250
3961
4789
1850
4919
1257
4773
2066
1785
1772
3000
1319
2706
3510
1410
1021
2113
1769
4899
3224
222
1447
1943
3680
2848
3279
2629
343
816
2005
3515
2248
1956
975
2731
2346
1584
289
4585
1773
3781
854
1439
106
4302
673
2210
1819
1958
4281
3232
94
965
2771
3793
1126
1397
3508
858
3579
4181
1782
3778
4229
1206
2877
568
1124
3933
4652
2167
2792
4363
3100
3328
3274
3857
1032
122
868
2336
4781
4192
2114
3597
2137
1461
2553
2747
1124
3654
4233
2459
716
302
3950
3470
3456
4015
4749
1120
4140
2283
3285
1434
1569
1066
2370
110
3847
4850
1431
4566
2407
413
1030
569
3285
1053
290
4069
857
2557
294
3925
3440
898
3982
4707
363
1404
1691
3534
3240
4090
4655
3390
2466
865
4197
2608
1317
1616
1907
2203
1062
4194
3984
4598
699
2848
663
1536
4110
2090
4628
4426
4280
2147
1135
2147
4227
2062
4207
1347
1505
410
1887
1573
3812
3223
144
2028
846
1017
861
2896
191
2571
1123
2545
2113
2184
2323
477
3965
3029
363
4670
4184
2971
2507
3292
1744
3396
1224
4451
767
1741
4211
4552
1563
755
4150
3439
18
1636
4571
3785
3686
3977
1215
4961
1516
4520
895
3597
2903
4560
1279
4750
2338
1297
2232
1773
1253
2366
188
3217
3439
4824
1836
2524
832
3105
4641
1036
2804
262
31
3700
3225
4774
293
1038
2113
842
3659
152
3555
1613
4806
2459
1161
579
2987
2226
1998
2831
3169
3139
4789
268
1172
4704
1739
2761
4437
4617
1839
2373
462
281
649
1081
3631
203
1070
4741
292
4778
4911
2381
823
571
1663
2605
1837
2899
2995
2777
3616
2360
4780
2352
4350
3223
1428
655
1716
908
3016
2407
2190
4497
1982
2713
1092
197
4638
3652
3481
4239
876
4612
3501
3245
2217
4634
4527
1527
4654
3626
2125
755
2998
2552
596
4055
3554
3005
4833
821
4610
1512
1162
1931
3111
1222
2569
3162
1741
3460
4668
332
333
4439
4143
375
143
2726
4137
4067
2356
3483
1971
4485
3314
3284
4146
2193
3903
141
1956
4938
1742
2453
155
4012
2202
2861
2958
3737
4708
1398
69
3105
2189
4437
4466
528
1211
2969
4743
2031
557
4989
645
1881
2912
3173
4501
4133
3837
4910
2198
2263
1977
856
2261
4315
511
1683
3646
3927
2447
56
1239
4240
3212
2233
1128
3098
404
1906
262
2400
756
2690
2245
2110
1398
3496
722
3129
249
2377
4805
2577
513
3805
3637
816
4457
3300
2424
1434
2073
887
854
3512
4030
877
4620
2960
2954
3106
3891
526
920
3351
2303
2436
3443
1907
1035
1549
4631
648
833
2547
2460
3854
4026
1541
3066
1024
395
4240
2880
4682
2937
2883
872
1147
2224
149
2951
751
2254
4878
3327
842
3524
3776
3977
1628
1879
4792
1989
4627
1284
4945
2452
1302
4078
119
2385
3293
714
268
2623
1990
994
3697
3213
1344
1345
1787
3077
3366
3422
2214
1818
1905
4393
1177
1295
2244
4140
3126
1175
3269
1390
1611
2163
3290
2683
506
43
3402
4814
3134
3131
590
1673
1353
4974
4285
2508
3542
1558
3334
16
4460
2981
4651
842
4589
174
4397
1197
3776
493
674
4993
3695
4095
3976
2627
3494
4497
3292
588
4984
1919
3038
4133
1698
2992
3157
685
2509
1810
164
4224
1903
2828
1370
1456
3516
3217
4054
807
2031
1019
2343
3892
11
4504
2175
918
3555
4994
4991
3187
3312
911
2407
4244
605
1133
2686
2773
3634
4967
4772
13
3705
4494
2581
1699
1398
1640
4316
4835
3562
3577
2101
2430
2143
4400
4123
1853
863
4701
394
2225
3978
47
4215
1350
1969
4521
285
3870
2876
857
4022
3927
590
3067
4308
2937
3686
4725
4974
4507
48
2612
2665
1360
1168
1986
2613
4035
2204
583
1206
211
4028
117
588
2714
1659
4512
3636
4866
3123
1745
3211
1352
4352
4396
4738
4409
2424
72
3455
38
3134
4793
2640
1276
3754
1359
4600
1176
556
1539
2332
3726
713
1981
3129
2719
3225
1362
2640
3558
437
3073
1079
723
4600
1035
4960
1492
3293
4234
2594
3752
4267
4520
1699
4868
4803
164
117
3254
4721
3883
1800
4932
1586
1993
3417
78
4235
3531
4435
1098
4084
2833
508
2752
952
3389
3453
2716
2774
4651
1638
686
3999
3564
393
2393
449
314
3486
4335
4074
1095
4022
3441
60
156
3825
509
221
2093
2046
3293
4646
3591
2224
2800
2299
3096
4437
2084
3527
655
1242
828
3401
4334
2745
3619
2706
4521
4114
1573
3289
4475
2413
2886
571
841
1562
613
4419
4223
1835
4125
3149
156
2573
1144
2389
4663
1151
4368
4472
3273
1110
245
798
4766
176
3593
3426
3754
4465
1345
916
3431
2395
716
985
3190
2860
4562
3489
2343
2452
2885
2228
4332
4833
3114
4334
1058
2035
1509
4955
2882
2559
1880
3914
3965
2783
1018
975
4449
2993
2063
576
1826
2928
3738
4292
3357
71
3978
1858
684
3650
4713
2905
2171
1090
3559
4223
311
1255
1259
4488
214
1087
1286
3823
3159
1827
3602
1844
1161
4607
1993
4381
1853
3332
994
2627
422
4573
4071
4572
2212
2831
738
23
4742
2818
3098
1397
2802
2533
925
1834
4274
1013
1121
3635
1037
1534
519
2474
2690
2968
3729
3988
744
4406
4557
4912
3234
524
3733
3603
2194
4209
2884
2898
1595
3519
1245
3012
2551
2473
635
4930
4810
3290
3033
4565
2515
843
3025
2946
633
4305
2568
1519
1032
904
1130
904
2424
4315
536
4988
3026
3716
2448
205
3798
2744
2396
4794
2017
135
3794
2792
3599
3804
4928
1073
3227
1718
1295
2731
3989
512
3704
1149
1360
4988
1526
3213
2763
214
357
4839
4057
4160
4975
3571
1845
838
487
3473
2826
2751
2131
3391
604
2207
1552
3903
2266
709
522
3517
4990
1157
4698
362
3957
3245
2424
133
2893
1712
887
4812
519
4144
174
4897
4423
1933
657
3039
3685
1613
3294
2653
1022
1038
1763
2284
2915
2508
758
3895
4555
1461
1601
924
2416
2351
1522
1372
767
577
1476
45
1266
2354
1329
1743
890
3297
174
3672
3268
3573
2957
1987
3374
4719
2914
2838
4798
2238
4316
3349
298
917
762
4589
3964
528
1619
3991
945
4661
1988
295
3513
4843
827
1391
2808
2234
3939
2886
1093
3385
1870
2145
3403
4395
141
3916
586
330
3069
253
4472
2509
2693
4357
1724
2710
4500
3900
785
3599
745
1015
308
2094
3149
58
4766
1661
2043
128
1857
2233
3187
2343
1486
3264
237
410
888
2805
1925
4661
4815
4603
681
1712
3613
2185
535
1315
3488
3492
3619
4519
3575
1525
4628
4125
4555
1236
2559
3051
555
555
3785
1827
863
4559
1682
1204
662
359
800
2591
2037
2537
2783
655
1967
3492
4135
280
4433
1298
1403
169
1237
4310
4869
2463
1891
3518
4741
796
3064
1790
56
3145
904
1061
3979
2632
4637
2260
1257
3748
3643
3335
3257
4293
1173
533
1635
1681
1439
3854
279
2581
7
404
2777
877
2531
4120
2839
3276
2414
4871
3553
1627
4950
1029
258
215
3971
319
1787
3228
4525
2426
3584
2204
3614
862
4756
1454
3743
718
4119
3722
3674
3455
2450
2471
483
3341
4507
4153
1757
1487
4372
3443
3438
621
3021
1790
1072
2408
3016
3381
194
1210
3638
1442
2214
3691
3566
2418
2121
954
4689
3948
2002
729
4882
4103
3935
1278
3734
1999
2833
4932
1923
1746
826
4005
133
175
48
1060
4492
891
3792
187
2003
4506
628
2067
1904
1119
3845
3654
1380
4965
1836
4290
2237
365
156
578
414
225
2135
849
3285
785
994
412
1197
3091
2597
1022
3469
3025
2340
4419
758
3119
1953
434
2100
99
833
4320
3838
4333
4812
3790
3738
1912
472
3775
679
2522
1846
88
238
2027
4834
3157
34
653
4513
4629
2091
3056
3056
8
2268
4447
3794
4826
3082
890
3534
2429
2573
489
2623
2990
2826
2677
1717
1094
3483
1297
1212
355
490
4026
4306
2764
2600
1293
4829
4836
730
2043
1116
636
1647
2967
3831
4850
4150
4068
1396
989
2404
3796
3690
1376
1234
4414
1855
4087
2381
364
1901
3582
21
181
2122
900
2006
2538
1563
4934
877
4720
1967
2515
2865
1781
3280
3791
328
4812
2570
2379
1772
550
4534
4853
38
331
4360
4938
1700
4293
2055
4841
66
2266
2591
1384
3631
456
1316
4331
2697
1303
3435
3594
4502
4208
2472
430
1574
1217
4097
982
1201
1543
3471
4175
2922
3985
2582
3508
1766
3887
3937
1832
341
546
3168
1320
890
4855
1929
668
4538
1608
4904
4286
3881
622
1433
4084
2269
2443
4229
3941
2543
419
2433
3489
3266
2439
1127
2368
1430
2534
3674
160
3815
4182
1744
391
2252
551
2404
4870
1116
4369
542
2790
3531
1983
3800
1717
372
2752
3299
3755
4552
1434
1989
844
4895
4081
2394
648
1169
3042
1096
4931
3722
1778
4681
3453
319
712
1861
2442
886
2229
3329
4803
2537
4390
3042
1834
2196
2140
4314
768
2792
2707
4677
1069
345
4390
852
4067
3636
2618
3753
802
2305
2628
4414
1046
3551
2740
1152
327
586
3731
4965
2981
2943
2654
1100
3778
1813
80
4933
2961
4648
866
4700
2869
3073
1599
3606
302
2767
1677
3041
2834
1138
2041
1243
1006
749
191
2720
3536
3497
4135
1960
4103
3640
4419
3468
1755
678
4907
844
83
3678
713
4939
1013
3400
4888
1008
1651
3510
2359
4033
893
3386
3570
3970
1105
3453
2189
4691
745
2389
1207
733
4631
1154
1279
4410
2609
2170
3129
1298
2140
2965
1788
3863
3601
4298
1256
1729
2426
2095
4654
2615
2552
699
3038
54
413
4702
345
386
4865
2052
3892
1061
845
2161
1820
350
4947
439
2177
401
373
248
2788
4134
4398
1897
338
879
3713
3502
2294
2492
4401
1461
2198
2604
3854
3060
506
841
1201
1041
469
4125
3174
4963
1821
548
3891
1411
924
1864
2504
1520
2947
336
28
3961
1112
738
2148
1576
230
2720
1869
4837
3705
4145
3285
4707
861
1043
1293
4743
3641
177
4019
2703
3146
221
1305
1413
249
1345
2971
4585
735
2611
2144
1327
384
1406
916
2873
4776
1094
532
988
2623
1666
1296
2550
4813
1177
3738
2760
4026
12
2160
4746
4900
2793
3225
2200
331
442
676
4274
1232
4628
3779
143
4179
3713
1903
896
3953
2287
704
1571
1036
392
4413
4986
3897
1108
2466
53
4985
3947
1632
4325
3148
2969
3010
106
754
4142
4512
2258
3329
2925
1828
4075
2507
2561
4806
181
2465
2774
4574
84
713
526
4503
2367
2420
1284
4284
4254
3092
4387
2114
782
1637
2658
4578
2348
2332
1441
1519
2884
2731
4925
543
2556
4230
695
1149
4186
1181
3045
118
2059
1951
4417
2925
2685
4495
4757
2462
3923
3652
1876
4645
4055
617
25
2494
1910
4422
1116
4202
3768
2442
1369
1923
2423
911
4316
2808
3423
4022
1831
1603
4296
4202
2771
2951
3886
3861
244
3348
2013
1307
1810
2443
2827
3904
2829
710
2812
2835
3814
895
4228
1278
654
3111
1342
731
1901
3180
4823
3505
4755
633
23
4186
1294
4205
251
4081
1072
1331
1197
2111
247
2099
3852
4292
1863
4384
2091
4534
4096
2904
3292
3322
754
3984
3054
691
2495
1793
4284
2068
3399
4447
4217
995
4322
4637
3160
3051
3490
4658
703
106
4182
4486
1763
2871
4989
1565
10
3448
1916
1633
4379
1868
1162
4240
207
1435
514
1978
4530
1093
1916
441
4079
1472
4370
4871
551
1955
1463
2439
4075
3643
2821
3147
3944
4710
3283
651
955
594
1303
3593
842
4666
308
3127
4014
2338
4993
3842
1331
4693
3078
1209
241
3419
2908
1243
2248
3642
817
2585
685
2146
3416
3822
2618
3982
723
948
2264
2803
3997
3095
744
2966
4199
3263
3814
2614
3174
645
2470
1063
868
4590
2567
1901
3070
4217
4263
2170
4461
24
2198
3352
3765
3615
1627
56
6
3420
798
1445
848
2086
2786
3990
1433
4861
1688
4328
2565
4903
447
3297
3482
3460
681
3241
3473
4568
2621
317
1130
2487
1257
2505
1394
4634
140
1600
3760
2998
4992
2532
4045
2052
3649
4787
2928
4124
515
4335
4511
2895
3358
3586
1626
4156
2249
4011
603
2116
598
1756
2201
2743
4305
4217
2341
54
1986
3861
762
2613
2654
3289
4058
408
138
1061
2803
228
513
4314
580
4139
4569
2818
3480
1065
3218
149
484
4652
661
4155
2805
1645
3201
1852
1233
2636
880
557
3723
2223
3920
3374
2352
3206
2005
113
2867
1528
2473
4478
2537
1397
70
1495
1378
1387
2639
4618
1870
2145
4333
49
4440
4469
1961
1037
1473
4318
2686
854
1219
3824
4443
1323
153
2883
1613
333
2101
515
4484
129
604
2290
2773
1493
1534
3749
2426
1890
3082
4656
1004
3556
2072
4131
